Date 	Closing 	Further down 	Higher 	Opening 	Volume Titles 	FCFA Volume 	Variation %
27/01/2026 	2 900 	2 895 	2 900 	2 895 	275 	797 500 	0.17%
26/01/2026 	2 895 	2 860 	2 895 	2 860 	5 629 	16 295 955 	1.58%
23/01/2026 	2 850 	2 800 	2 850 	2 800 	1 736 	4 947 600 	1.79%
22/01/2026 	2 800 	2 770 	2 800 	2 770 	1 444 	4 043 200 	1.82%
21/01/2026 	2 750 	2 730 	2 750 	2 730 	604 	1 661 000 	1.85%
20/01/2026 	2 700 	2 700 	2 700 	2 700 	737 	1 989 900 	0.00%
19/01/2026 	2 700 	2 660 	2 700 	2 660 	2 411 	6 509 700 	0.00%
16/01/2026 	2 700 	2 700 	2 700 	2 700 	2 223 	6 002 100 	0.00%
15/01/2026 	2 700 	2 660 	2 700 	2 660 	1 771 	4 781 700 	1.50%
14/01/2026 	2 660 	2 660 	2 705 	2 705 	4 213 	11 206 580 	-1.66%
13/01/2026 	2 705 	2 705 	2 705 	2 705 	847 	2 291 135 	0.00%
12/01/2026 	2 705 	2 705 	2 750 	2 750 	476 	1 287 580 	-1,28%
09/01/2026 	2 740 	2 720 	2 740 	2 720 	1 714 	4 696 360 	0.74%
08/01/2026 	2 720 	2 720 	2 730 	2 730 	3 089 	8 402 080 	-0.37%
07/01/2026 	2 730 	2 730 	2 750 	2 750 	1 489 	4 064 970 	-1,80%
06/01/2026 	2 780 	2 780 	2 800 	2 800 	2 348 	6 527 440 	-0.71%
05/01/2026 	2 800 	2 800 	2 920 	2 920 	2 543 	7 120 400 	-4.11%
02/01/2026 	2 920 	2 900 	2 920 	2 900 	936 	2 733 120 	0.69%
01/01/2026 	2 900 	2 900 	2 900 	2 900 	1 806 	5 237 400 	0.00%
31/12/2025 	2 900 	2 900 	2 900 	2 900 	1 806 	5 237 400 	0.00%
30/12/2025 	2 900 	2 900 	3 000 	3 000 	2 315 	6 713 500 	-4.92%
29/12/2025 	3 050 	3 050 	3 080 	3 080 	2 116 	6 453 800 	-0.97%
26/12/2025 	3 080 	3 010 	3 080 	3 010 	2 292 	7 059 360 	2.33%
25/12/2025 	3 010 	3 010 	3 010 	3 010 	680 	2 046 800 	0.00%
24/12/2025 	3 010 	3 010 	3 010 	3 010 	680 	2 046 800 	0.00%
23/12/2025 	3 010 	3 010 	3 030 	3 030 	2 199 	6 618 990 	-0.50%
22/12/2025 	3 025 	3 020 	3 025 	3 020 	2 178 	6 588 450 	0.17%
19/12/2025 	3 020 	3 020 	3 170 	3 170 	2 096 	6 329 920 	-4,73%
18/12/2025 	3 170 	3 170 	3 180 	3 180 	1 509 	4 783 530 	0.00%
17/12/2025 	3 170 	3 170 	3 180 	3 180 	3 794 	12 026 980 	-0.31%
16/12/2025 	3 180 	3 180 	3 200 	3 200 	4 384 	13 941 120 	3.92%
15/12/2025 	3 060 	3 060 	3 060 	3 060 	6 109 	18 693 540 	7.37%
12/12/2025 	2 850 	2 850 	2 850 	2 850 	2 647 	7 543 950 	7.34%
11/12/2025 	2 655 	2 475 	2 655 	2 475 	6 382 	16 944 210 	7.49%
10/12/2025 	2 470 	2 470 	2 480 	2 480 	1 614 	3 986 580 	-0.40%
09/12/2025 	2 480 	2 480 	2 500 	2 500 	1 508 	3 739 840 	-0.80%
08/12/2025 	2 500 	2 500 	2 545 	2 545 	2 864 	7 160 000 	-1.77%
05/12/2025 	2 545 	2 545 	2 550 	2 550 	4 792 	12 195 640 	0.39%
04/12/2025 	2 535 	2 535 	2 550 	2 550 	2 769 	7 019 415 	-0.59%
03/12/2025 	2 550 	2 520 	2 550 	2 520 	5 427 	13 838 850 	1.39%
02/12/2025 	2 515 	2 495 	2 515 	2 495 	2 199 	5 530 485 	0.60%
01/12/2025 	2 500 	2 500 	2 500 	2 500 	1 903 	4 757 500 	0.00%
28/11/2025 	2 500 	2 500 	2 500 	2 500 	2 831 	7 077 500 	0.00%
27/11/2025 	2 500 	2 340 	2 500 	2 340 	4 884 	12 210 000 	6.84%
26/11/2025 	2 340 	2 340 	2 400 	2 400 	809 	1 893 060 	-2.50%
25/11/2025 	2 400 	2 360 	2 400 	2 360 	2 806 	6 734 400 	1.69%
24/11/2025 	2 360 	2 360 	2 365 	2 365 	893 	2 107 480 	0.00%
21/11/2025 	2 360 	2 360 	2 395 	2 395 	2 587 	6 105 320 	-1.26%
20/11/2025 	2 390 	2 390 	2 400 	2 400 	987 	2 358 930 	-0.42%
19/11/2025 	2 400 	2 380 	2 400 	2 380 	1 062 	2 548 800 	-1.64%
18/11/2025 	2 440 	2 440 	2 450 	2 450 	1 617 	3 945 480 	-0.41%
17/11/2025 	2 450 	2 390 	2 450 	2 390 	1 433 	3 510 850 	2.94%
14/11/2025 	2 380 	2 360 	2 380 	2 360 	1 036 	2 465 680 	0.85%
13/11/2025 	2 360 	2 340 	2 360 	2 340 	1 574 	3 714 640 	0.85%
12/11/2025 	2 340 	2 340 	2 360 	2 360 	2 079 	4 864 860 	-0.85%
11/11/2025 	2 360 	2 360 	2 370 	2 370 	4 451 	10 504 360 	-0.42%
10/11/2025 	2 370 	2 370 	2 380 	2 380 	7 373 	17 474 010 	1.28%
07/11/2025 	2 340 	2 340 	2 340 	2 340 	- 	0 	3.54%
06/11/2025 	2 260 	2 130 	2 260 	2 130 	5 464 	12 348 640 	6.60%
05/11/2025 	2 120 	2 100 	2 120 	2 100 	4 075 	8 639 000 	1.92%
04/11/2025 	2 080 	2 080 	2 100 	2 100 	5 098 	10 603 840 	-2.35%
03/11/2025 	2 130 	2 130 	2 155 	2 155 	2 711 	5 774 430 	-7.39%
31/10/2025 	2 300 	2 300 	2 370 	2 370 	2 279 	5 241 700 	-3,16%
30/10/2025 	2 375 	2 375 	2 375 	2 375 	1 788 	4 246 500 	-0.21%