Date 	Closing 	Further down 	Higher 	Opening 	Volume Titles 	FCFA Volume 	Variation %
27/01/2026 	5 000 	4 905 	5 000 	4 905 	5 197 	25 985 000 	0.20%
26/01/2026 	4 990 	4 940 	4 990 	4 940 	3 072 	15 329 280 	1.53%
23/01/2026 	4 915 	4 915 	4 930 	4 930 	820 	4 030 300 	-0.30%
22/01/2026 	4 930 	4 930 	4 930 	4 930 	236 	1 163 480 	0.20%
21/01/2026 	4 920 	4 900 	4 920 	4 900 	2 211 	10 878 120 	0.20%
20/01/2026 	4 910 	4 910 	4 950 	4 950 	572 	2 808 520 	-0.61%
19/01/2026 	4 940 	4 910 	4 940 	4 910 	808 	3 991 520 	0.00%
16/01/2026 	4 940 	4 920 	4 940 	4 920 	638 	3 151 720 	0.41%
15/01/2026 	4 920 	4 910 	4 920 	4 910 	164 	806 880 	0.20%
14/01/2026 	4 910 	4 900 	4 910 	4 900 	2 299 	11 288 090 	-0.81%
13/01/2026 	4 950 	4 910 	4 950 	4 910 	578 	2 861 100 	0.20%
12/01/2026 	4 940 	4 940 	4 940 	4 940 	1 189 	5 873 660 	-0.20%
09/01/2026 	4 950 	4 915 	4 950 	4 915 	177 	876 150 	-0.20%
08/01/2026 	4 960 	4 960 	4 970 	4 970 	101 	500 960 	-0.20%
07/01/2026 	4 970 	4 955 	4 970 	4 955 	2 957 	14 696 290 	0.40%
06/01/2026 	4 950 	4 950 	4 950 	4 950 	1 062 	5 256 900 	0.81%
05/01/2026 	4 910 	4 910 	4 955 	4 955 	483 	2 371 530 	-1,31%
02/01/2026 	4 975 	4 975 	4 975 	4 975 	1 414 	7 034 650 	0.00%
01/01/2026 	4 975 	4 910 	4 975 	4 910 	1 634 	8 129 150 	0.00%
31/12/2025 	4 975 	4 910 	4 975 	4 910 	1 634 	8 129 150 	1.43%
30/12/2025 	4 905 	4 905 	4 995 	4 995 	4 732 	23 210 460 	-1,80%
29/12/2025 	4 995 	4 960 	4 995 	4 960 	3 120 	15 584 400 	0.71%
26/12/2025 	4 960 	4 900 	4 960 	4 900 	26 703 	132 446 880 	1.12%
25/12/2025 	4 905 	4 900 	4 905 	4 900 	900 	4 414 500 	0.00%
24/12/2025 	4 905 	4 900 	4 905 	4 900 	900 	4 414 500 	-0.91%
23/12/2025 	4 950 	4 950 	4 965 	4 965 	349 	1 727 550 	-0.30%
22/12/2025 	4 965 	4 915 	4 965 	4 915 	9 236 	45 856 740 	-0,60%
19/12/2025 	4 995 	4 900 	4 995 	4 900 	415 	2 072 925 	0.00%
18/12/2025 	4 995 	4 990 	4 995 	4 990 	253 	1 263 735 	0.00%
17/12/2025 	4 995 	4 905 	4 995 	4 905 	426 	2 127 870 	0.00%
16/12/2025 	4 995 	4 885 	4 995 	4 885 	1 125 	5 619 375 	2.99%
15/12/2025 	4 850 	4 850 	4 950 	4 950 	4 072 	19 749 200 	-2,90%
12/12/2025 	4 995 	4 900 	4 995 	4 900 	1 622 	8 101 890 	0.91%
11/12/2025 	4 950 	4 905 	4 950 	4 905 	596 	2 950 200 	0.00%
10/12/2025 	4 950 	4 905 	4 950 	4 905 	1 123 	5 558 850 	1.02%
09/12/2025 	4 900 	4 900 	5 000 	5 000 	5 111 	25 043 900 	-2,97%
08/12/2025 	5 050 	5 000 	5 050 	5 000 	2 081 	10 509 050 	1.00%
05/12/2025 	5 000 	4 965 	5 000 	4 965 	2 384 	11 920 000 	-3.29%
04/12/2025 	5 170 	4 975 	5 170 	4 975 	11 502 	59 465 340 	3.40%
03/12/2025 	5 000 	4 965 	5 000 	4 965 	922 	4 610 000 	0.70%
02/12/2025 	4 965 	4 965 	5 000 	5 000 	487 	2 417 955 	-0,70%
01/12/2025 	5 000 	4 960 	5 000 	4 960 	1 530 	7 650 000 	0.00%
28/11/2025 	5 000 	4 955 	5 000 	4 955 	2 790 	13 950 000 	0.91%
27/11/2025 	4 955 	4 955 	5 050 	5 050 	1 733 	8 587 015 	0.41%
26/11/2025 	4 935 	4 925 	4 935 	4 925 	832 	4 105 920 	-1,30%
25/11/2025 	5 000 	4 975 	5 000 	4 975 	2 020 	10 100 000 	0.60%
24/11/2025 	4 970 	4 955 	4 970 	4 955 	350 	1 739 500 	-4,42%
21/11/2025 	5 200 	5 005 	5 200 	5 005 	3 458 	17 981 600 	5.05%
20/11/2025 	4 950 	4 950 	5 045 	5 045 	10 003 	49 514 850 	0.41%
19/11/2025 	4 930 	4 930 	5 100 	5 100 	4 920 	24 255 600 	-3.33%
18/11/2025 	5 100 	5 100 	5 200 	5 200 	271 	1 382 100 	-1.92%
17/11/2025 	5 200 	5 200 	5 205 	5 205 	249 	1 294 800 	-0.29%
14/11/2025 	5 215 	4 925 	5 215 	4 925 	1 586 	8 270 990 	2.25%
13/11/2025 	5 100 	5 000 	5 100 	5 000 	1 380 	7 038 000 	2.00%
12/11/2025 	5 000 	4 995 	5 000 	4 995 	16 047 	80 235 000 	0.10%
11/11/2025 	4 995 	4 995 	5 100 	5 100 	24 553 	122 642 235 	-4.77%
10/11/2025 	5 245 	5 235 	5 245 	5 235 	44 787 	234 907 815 	-0.10%
07/11/2025 	5 250 	5 250 	5 250 	5 250 	- 	0 	0.10%
06/11/2025 	5 245 	5 245 	5 250 	5 250 	7 169 	37 601 405 	-0.10%
05/11/2025 	5 250 	5 250 	5 265 	5 265 	1 293 	6 788 250 	-0.38%
04/11/2025 	5 270 	5 100 	5 270 	5 100 	10 566 	55 682 820 	1.35%
03/11/2025 	5 200 	5 110 	5 200 	5 110 	1 367 	7 108 400 	-0.95%
31/10/2025 	5 250 	5 250 	5 285 	5 285 	8 332 	43 743 000 	-0.85%
30/10/2025 	5 295 	5 100 	5 295 	5 100 	5 988 	31 706 460 	0.00%