Date 	Closing 	Further down 	Higher 	Opening 	Volume Titles 	FCFA Volume 	Variation %
27/01/2026 	6 795 	6 550 	6 795 	6 550 	4 494 	30 536 730 	3.74%
26/01/2026 	6 550 	6 550 	6 600 	6 600 	2 135 	13 984 250 	-0.08%
23/01/2026 	6 555 	6 550 	6 555 	6 550 	1 149 	7 531 695 	0.08%
22/01/2026 	6 550 	6 510 	6 550 	6 510 	1 391 	9 111 050 	0.61%
21/01/2026 	6 510 	6 500 	6 510 	6 500 	565 	3 678 150 	0.23%
20/01/2026 	6 495 	6 360 	6 495 	6 360 	1 662 	10 794 690 	1.96%
19/01/2026 	6 370 	6 350 	6 370 	6 350 	14 165 	90 231 050 	0.31%
16/01/2026 	6 350 	6 350 	6 360 	6 360 	2 276 	14 452 600 	-0.08%
15/01/2026 	6 355 	6 350 	6 355 	6 350 	3 252 	20 666 460 	0.08%
14/01/2026 	6 350 	6 350 	6 350 	6 350 	2 695 	17 113 250 	0.00%
13/01/2026 	6 350 	6 060 	6 350 	6 060 	2 674 	16 979 900 	6.19%
12/01/2026 	5 980 	5 965 	5 980 	5 965 	924 	5 525 520 	0.50%
09/01/2026 	5 950 	5 945 	5 950 	5 945 	3 194 	19 004 300 	0.17%
08/01/2026 	5 940 	5 940 	5 945 	5 945 	605 	3 593 700 	-0.08%
07/01/2026 	5 945 	5 900 	5 945 	5 900 	2 226 	13 233 570 	0.76%
06/01/2026 	5 900 	5 895 	5 900 	5 895 	1 162 	6 855 800 	0.94%
05/01/2026 	5 845 	5 845 	5 900 	5 900 	2 171 	12 689 495 	-0.09%
02/01/2026 	5 850 	5 850 	5 850 	5 850 	817 	4 779 450 	0.00%
01/01/2026 	5 850 	5 800 	5 850 	5 800 	1 165 	6 815 250 	0.00%
31/12/2025 	5 850 	5 800 	5 850 	5 800 	1 165 	6 815 250 	0.69%
30/12/2025 	5 810 	5 810 	5 900 	5 900 	7 563 	43 941 030 	-1.53%
29/12/2025 	5 900 	5 805 	5 900 	5 805 	153 323 	904 605 700 	0.85%
26/12/2025 	5 850 	5 825 	5 850 	5 825 	932 	5 452 200 	0.43%
25/12/2025 	5 825 	5 825 	5 825 	5 825 	4 599 	26 789 175 	0.00%
24/12/2025 	5 825 	5 825 	5 825 	5 825 	4 599 	26 789 175 	0.43%
23/12/2025 	5 800 	5 800 	5 890 	5 890 	4 231 	24 539 800 	-1.69%
22/12/2025 	5 900 	5 850 	5 900 	5 850 	3 346 	19 741 400 	0.17%
19/12/2025 	5 890 	5 890 	5 900 	5 900 	3 502 	20 626 780 	1.38%
18/12/2025 	5 810 	5 810 	5 860 	5 860 	1 080 	6 274 800 	-1.53%
17/12/2025 	5 900 	5 810 	5 900 	5 810 	3 558 	20 992 200 	-0.59%
16/12/2025 	5 935 	5 935 	5 945 	5 945 	5 221 	30 986 635 	-0.17%
15/12/2025 	5 945 	5 945 	5 965 	5 965 	5 234 	31 116 130 	-0.34%
12/12/2025 	5 965 	5 805 	5 965 	5 805 	1 978 	11 798 770 	2.76%
11/12/2025 	5 805 	5 800 	5 805 	5 800 	1 298 	7 534 890 	-0.09%
10/12/2025 	5 810 	5 810 	5 970 	5 970 	4 004 	23 263 240 	-2,68%
09/12/2025 	5 970 	5 970 	5 995 	5 995 	2 299 	13 725 030 	-0.42%
08/12/2025 	5 995 	5 805 	5 995 	5 805 	6 271 	37 594 645 	3.27%
05/12/2025 	5 805 	5 500 	5 805 	5 500 	2 747 	15 946 335 	7.50%
04/12/2025 	5 400 	5 400 	5 500 	5 500 	6 569 	35 472 600 	-1.73%
03/12/2025 	5 495 	5 350 	5 495 	5 350 	579 	3 181 605 	2.90%
02/12/2025 	5 340 	5 335 	5 340 	5 335 	6 120 	32 680 800 	0.09%
01/12/2025 	5 335 	5 295 	5 335 	5 295 	2 419 	12 905 365 	0.76%
28/11/2025 	5 295 	5 190 	5 295 	5 190 	1 958 	10 367 610 	2.02%
27/11/2025 	5 190 	5 170 	5 190 	5 170 	2 807 	14 568 330 	0.78%
26/11/2025 	5 150 	5 150 	5 190 	5 190 	4 172 	21 485 800 	-0.77%
25/11/2025 	5 190 	5 100 	5 190 	5 100 	3 628 	18 829 320 	1.96%
24/11/2025 	5 090 	5 090 	5 150 	5 150 	4 717 	24 009 530 	-1.17%
21/11/2025 	5 150 	5 100 	5 150 	5 100 	9 599 	49 434 850 	2.28%
20/11/2025 	5 035 	5 030 	5 035 	5 030 	6 249 	31 463 715 	0.10%
19/11/2025 	5 030 	5 010 	5 030 	5 010 	3 065 	15 416 950 	0.30%
18/11/2025 	5 015 	5 015 	5 100 	5 100 	2 812 	14 102 180 	-1.67%
17/11/2025 	5 100 	5 100 	5 100 	5 100 	2 017 	10 286 700 	0.00%
14/11/2025 	5 100 	5 025 	5 100 	5 025 	8 452 	43 105 200 	0.00%
13/11/2025 	5 100 	5 100 	5 100 	5 100 	1 207 	6 155 700 	2.00%
12/11/2025 	5 000 	5 000 	5 050 	5 050 	6 340 	31 700 000 	-1.19%
11/11/2025 	5 060 	5 000 	5 060 	5 000 	890 	4 503 400 	-0.78%
10/11/2025 	5 100 	5 100 	5 100 	5 100 	3 367 	17 171 700 	-1.92%
07/11/2025 	5 200 	5 200 	5 200 	5 200 	- 	0 	5.16%
06/11/2025 	4 945 	4 900 	4 945 	4 900 	2 272 	11 235 040 	1.02%
05/11/2025 	4 895 	4 895 	4 915 	4 915 	1 641 	8 032 695 	-0.91%
04/11/2025 	4 940 	4 940 	4 975 	4 975 	4 300 	21 242 000 	-0,70%
03/11/2025 	4 975 	4 975 	5 000 	5 000 	1 624 	8 079 400 	-0.50%
31/10/2025 	5 000 	4 900 	5 000 	4 900 	1 282 	6 410 000 	0.00%
30/10/2025 	5 000 	5 000 	5 000 	5 000 	5 707 	28 535 000 	0.00%