Date 	Closing 	Further down 	Higher 	Opening 	Volume Titles 	FCFA Volume 	Variation %
27/01/2026 	4 230 	4 230 	4 265 	4 265 	3 303 	13 971 690 	0.71%
26/01/2026 	4 200 	4 200 	4 200 	4 200 	7 498 	31 491 600 	0.00%
23/01/2026 	4 200 	4 145 	4 200 	4 145 	6 890 	28 938 000 	1.33%
22/01/2026 	4 145 	4 145 	4 145 	4 145 	3 994 	16 555 130 	0.00%
21/01/2026 	4 145 	4 120 	4 145 	4 120 	1 899 	7 871 355 	0.61%
20/01/2026 	4 120 	4 120 	4 145 	4 145 	5 939 	24 468 680 	-0.72%
19/01/2026 	4 150 	4 145 	4 150 	4 145 	4 254 	17 654 100 	0.00%
16/01/2026 	4 150 	4 150 	4 150 	4 150 	3 735 	15 500 250 	1.22%
15/01/2026 	4 100 	4 100 	4 100 	4 100 	4 381 	17 962 100 	0.00%
14/01/2026 	4 100 	4 100 	4 190 	4 190 	5 175 	21 217 500 	0.99%
13/01/2026 	4 060 	4 060 	4 150 	4 150 	5 382 	21 850 920 	-0.73%
12/01/2026 	4 090 	4 000 	4 090 	4 000 	4 335 	17 730 150 	4.87%
09/01/2026 	3 900 	3 900 	4 000 	4 000 	15 339 	59 822 100 	-2.50%
08/01/2026 	4 000 	3 990 	4 000 	3 990 	4 780 	19 120 000 	0.13%
07/01/2026 	3 995 	3 990 	3 995 	3 990 	18 631 	74 430 845 	0.13%
06/01/2026 	3 990 	3 990 	3 990 	3 990 	2 105 	8 398 950 	0.00%
05/01/2026 	3 990 	3 990 	3 995 	3 995 	4 096 	16 343 040 	0.00%
02/01/2026 	3 990 	3 990 	3 995 	3 995 	2 004 	7 995 960 	-0.25%
01/01/2026 	4 000 	4 000 	4 145 	4 145 	7 291 	29 164 000 	0.00%
31/12/2025 	4 000 	4 000 	4 145 	4 145 	7 291 	29 164 000 	-3,50%
30/12/2025 	4 145 	4 145 	4 160 	4 160 	1 156 	4 791 620 	-0.36%
29/12/2025 	4 160 	4 100 	4 160 	4 100 	3 605 	14 996 800 	-0.24%
26/12/2025 	4 170 	4 170 	4 190 	4 190 	2 038 	8 498 460 	-0.12%
25/12/2025 	4 175 	4 175 	4 200 	4 200 	1 828 	7 631 900 	0.00%
24/12/2025 	4 175 	4 175 	4 200 	4 200 	1 828 	7 631 900 	-2,68%
23/12/2025 	4 290 	4 290 	4 300 	4 300 	1 273 	5 461 170 	-1,38%
22/12/2025 	4 350 	4 300 	4 350 	4 300 	5 844 	25 421 400 	-0.46%
19/12/2025 	4 370 	4 350 	4 370 	4 350 	2 324 	10 155 880 	0.46%
18/12/2025 	4 350 	4 345 	4 350 	4 345 	1 360 	5 916 000 	0.93%
17/12/2025 	4 310 	4 310 	4 340 	4 340 	916 	3 947 960 	0.00%
16/12/2025 	4 310 	4 310 	4 350 	4 350 	11 683 	50 353 730 	-0.81%
15/12/2025 	4 345 	4 300 	4 345 	4 300 	7 018 	30 493 210 	2.36%
12/12/2025 	4 245 	4 200 	4 245 	4 200 	1 395 	5 921 775 	1.56%
11/12/2025 	4 180 	4 175 	4 180 	4 175 	2 546 	10 642 280 	0.24%
10/12/2025 	4 170 	4 100 	4 170 	4 100 	3 302 	13 769 340 	1.96%
09/12/2025 	4 090 	4 090 	4 090 	4 090 	970 	3 967 300 	0.00%
08/12/2025 	4 090 	4 090 	4 190 	4 190 	942 	3 852 780 	-2.50%
05/12/2025 	4 195 	4 195 	4 200 	4 200 	1 671 	7 009 845 	3.33%
04/12/2025 	4 060 	4 060 	4 060 	4 060 	2 487 	10 097 220 	0.12%
03/12/2025 	4 055 	4 000 	4 055 	4 000 	1 671 	6 775 905 	1.50%
02/12/2025 	3 995 	3 995 	4 045 	4 045 	4 795 	19 156 025 	-0.13%
01/12/2025 	4 000 	4 000 	4 000 	4 000 	6 642 	26 568 000 	0.00%
28/11/2025 	4 000 	4 000 	4 000 	4 000 	3 052 	12 208 000 	0.13%
27/11/2025 	3 995 	3 995 	3 995 	3 995 	7 599 	30 358 005 	0.00%
26/11/2025 	3 995 	3 985 	3 995 	3 985 	13 444 	53 708 780 	0.13%
25/11/2025 	3 990 	3 805 	3 990 	3 805 	17 071 	68 113 290 	5.28%
24/11/2025 	3 790 	3 790 	3 800 	3 800 	3 513 	13 314 270 	-0.26%
21/11/2025 	3 800 	3 800 	3 800 	3 800 	2 389 	9 078 200 	0.00%
20/11/2025 	3 800 	3 800 	3 800 	3 800 	12 013 	45 649 400 	0.00%
19/11/2025 	3 800 	3 800 	3 800 	3 800 	4 743 	18 023 400 	0.00%
18/11/2025 	3 800 	3 795 	3 800 	3 795 	1 924 	7 311 200 	0.13%
17/11/2025 	3 795 	3 775 	3 795 	3 775 	1 437 	5 453 415 	0.66%
14/11/2025 	3 770 	3 770 	3 825 	3 825 	6 916 	26 073 320 	-1.69%
13/11/2025 	3 835 	3 825 	3 835 	3 825 	1 574 	6 036 290 	0.26%
12/11/2025 	3 825 	3 825 	3 845 	3 845 	4 775 	18 264 375 	0.39%
11/11/2025 	3 810 	3 810 	3 900 	3 900 	10 671 	40 656 510 	0.40%
10/11/2025 	3 795 	3 795 	3 910 	3 910 	12 466 	47 308 470 	-0.13%
07/11/2025 	3 800 	3 800 	3 800 	3 800 	- 	0 	4.11%
06/11/2025 	3 650 	3 600 	3 650 	3 600 	8 148 	29 740 200 	2.10%
05/11/2025 	3 575 	3 575 	3 700 	3 700 	10 123 	36 189 725 	-0.69%
04/11/2025 	3 600 	3 440 	3 600 	3 440 	17 194 	61 898 400 	4.65%
03/11/2025 	3 440 	3 440 	3 440 	3 440 	8 024 	27 602 560 	-7.40%
31/10/2025 	3 715 	3 715 	3 890 	3 890 	12 747 	47 355 105 	-7.47%
30/10/2025 	4 015 	4 015 	4 050 	4 050 	34 273 	137 606 095 	-0.12%
