Date 	Closing 	Further down 	Higher 	Opening 	Volume Titles 	FCFA Volume 	Variation %
27/01/2026 	11 800 	11 600 	11 800 	11 600 	1 786 	21 074 800 	0.43%
26/01/2026 	11 750 	11 750 	11 950 	11 950 	1 476 	17 343 000 	-1.67%
23/01/2026 	11 950 	11 900 	11 950 	11 900 	440 	5 258 000 	0.42%
22/01/2026 	11 900 	11 900 	11 900 	11 900 	535 	6 366 500 	0.04%
21/01/2026 	11 895 	11 895 	11 895 	11 895 	894 	10 634 130 	0.00%
20/01/2026 	11 895 	11 895 	11 895 	11 895 	4 920 	58 523 400 	0.00%
19/01/2026 	11 895 	11 555 	11 895 	11 555 	987 	11 740 365 	7.11%
16/01/2026 	11 105 	11 105 	11 555 	11 555 	812 	9 017 260 	-3.89%
15/01/2026 	11 555 	11 105 	11 555 	11 105 	907 	10 480 385 	4.10%
14/01/2026 	11 100 	11 010 	11 100 	11 010 	207 	2 297 700 	0.91%
13/01/2026 	11 000 	10 900 	11 000 	10 900 	765 	8 415 000 	0.92%
12/01/2026 	10 900 	10 900 	10 950 	10 950 	198 	2 158 200 	-1.00%
09/01/2026 	11 010 	11 000 	11 010 	11 000 	166 	1 827 660 	0.09%
08/01/2026 	11 000 	10 980 	11 000 	10 980 	267 	2 937 000 	0.41%
07/01/2026 	10 955 	10 860 	10 955 	10 860 	238 	2 607 290 	0.87%
06/01/2026 	10 860 	10 860 	10 860 	10 860 	609 	6 613 740 	0.00%
05/01/2026 	10 860 	10 780 	10 860 	10 780 	441 	4 789 260 	0.14%
02/01/2026 	10 845 	10 780 	10 845 	10 780 	1 139 	12 352 455 	0.60%
01/01/2026 	10 780 	10 775 	10 780 	10 775 	233 	2 511 740 	0.00%
31/12/2025 	10 780 	10 775 	10 780 	10 775 	233 	2 511 740 	-0.65%
30/12/2025 	10 850 	10 780 	10 850 	10 780 	909 	9 862 650 	0.70%
29/12/2025 	10 775 	10 775 	10 775 	10 775 	631 	6 799 025 	0.00%
26/12/2025 	10 775 	10 775 	10 780 	10 780 	230 	2 478 250 	0.00%
25/12/2025 	10 775 	10 775 	10 775 	10 775 	402 	4 331 550 	0.00%
24/12/2025 	10 775 	10 775 	10 775 	10 775 	402 	4 331 550 	0.00%
23/12/2025 	10 775 	10 775 	10 780 	10 780 	68 	732 700 	-0.05%
22/12/2025 	10 780 	10 780 	10 790 	10 790 	306 	3 298 680 	-0.09%
19/12/2025 	10 790 	10 610 	10 790 	10 610 	66 	712 140 	0.14%
18/12/2025 	10 775 	10 775 	10 775 	10 775 	115 	1 239 125 	0.00%
17/12/2025 	10 775 	10 775 	10 790 	10 790 	243 	2 618 325 	1.60%
16/12/2025 	10 605 	10 605 	10 790 	10 790 	1 020 	10 817 100 	-1.71%
15/12/2025 	10 790 	10 790 	10 790 	10 790 	239 	2 578 810 	0.00%
12/12/2025 	10 790 	10 700 	10 790 	10 700 	163 	1 758 770 	1.31%
11/12/2025 	10 650 	10 650 	10 650 	10 650 	90 	958 500 	0.00%
10/12/2025 	10 650 	10 500 	10 650 	10 500 	314 	3 344 100 	1.43%
09/12/2025 	10 500 	10 500 	10 790 	10 790 	222 	2 331 000 	-2.69%
08/12/2025 	10 790 	10 790 	10 795 	10 795 	160 	1 726 400 	0.00%
05/12/2025 	10 790 	10 790 	10 800 	10 800 	3 466 	37 398 140 	2.76%
04/12/2025 	10 500 	10 500 	10 800 	10 800 	2 940 	30 870 000 	-2.78%
03/12/2025 	10 800 	10 800 	10 850 	10 850 	1 367 	14 763 600 	-0.46%
02/12/2025 	10 850 	10 840 	10 850 	10 840 	148 	1 605 800 	0.00%
01/12/2025 	10 850 	10 790 	10 850 	10 790 	1 380 	14 973 000 	0.46%
28/11/2025 	10 800 	10 800 	10 850 	10 850 	120 	1 296 000 	-0.46%
27/11/2025 	10 850 	10 750 	10 850 	10 750 	586 	6 358 100 	-0.91%
26/11/2025 	10 950 	10 800 	10 950 	10 800 	583 	6 383 850 	1.30%
25/11/2025 	10 810 	10 800 	10 810 	10 800 	242 	2 616 020 	-1.73%
24/11/2025 	11 000 	11 000 	11 000 	11 000 	412 	4 532 000 	0.00%
21/11/2025 	11 000 	10 800 	11 000 	10 800 	487 	5 357 000 	1.85%
20/11/2025 	10 800 	10 800 	11 100 	11 100 	296 	3 196 800 	-2,70%
19/11/2025 	11 100 	10 600 	11 100 	10 600 	5 236 	58 119 600 	5.71%
18/11/2025 	10 500 	10 295 	10 500 	10 295 	2 624 	27 552 000 	2.94%
17/11/2025 	10 200 	10 020 	10 200 	10 020 	378 	3 855 600 	1.80%
14/11/2025 	10 020 	10 000 	10 020 	10 000 	427 	4 278 540 	0.20%
13/11/2025 	10 000 	10 000 	10 000 	10 000 	139 	1 390 000 	0.15%
12/11/2025 	9 985 	9 985 	10 005 	10 005 	277 	2 765 845 	0.00%
11/11/2025 	9 985 	9 985 	9 990 	9 990 	931 	9 296 035 	0.00%
10/11/2025 	9 985 	9 985 	9 990 	9 990 	616 	6 150 760 	-0.05%
07/11/2025 	9 990 	9 990 	9 990 	9 990 	- 	0 	-0.10%
06/11/2025 	10 000 	10 000 	10 000 	10 000 	362 	3 620 000 	0.00%
05/11/2025 	10 000 	9 925 	10 000 	9 925 	1 030 	10 300 000 	0.76%
04/11/2025 	9 925 	9 925 	9 925 	9 925 	1 294 	12 842 950 	-0,70%
03/11/2025 	9 995 	9 995 	9 995 	9 995 	215 	2 148 925 	0.00%
31/10/2025 	9 995 	9 900 	9 995 	9 900 	1 435 	14 342 825 	0.00%
30/10/2025 	9 995 	9 995 	10 000 	10 000 	702 	7 016 490 	0.00%