Date 	Closing 	Further down 	Higher 	Opening 	Volume Titles 	FCFA Volume 	Variation %
27/01/2026 	2 100 	2 100 	2 120 	2 120 	3 305 	6 940 500 	-0.71%
26/01/2026 	2 115 	2 100 	2 115 	2 100 	2 571 	5 437 665 	3.68%
23/01/2026 	2 040 	2 040 	2 050 	2 050 	4 215 	8 598 600 	-2.86%
22/01/2026 	2 100 	2 050 	2 100 	2 050 	3 662 	7 690 200 	0.00%
21/01/2026 	2 100 	2 100 	2 100 	2 100 	3 150 	6 615 000 	0.00%
20/01/2026 	2 100 	2 100 	2 175 	2 175 	3 996 	8 391 600 	-3,67%
19/01/2026 	2 180 	2 135 	2 180 	2 135 	9 030 	19 685 400 	2.11%
16/01/2026 	2 135 	2 135 	2 160 	2 160 	18 245 	38 953 075 	-0,70%
15/01/2026 	2 150 	2 135 	2 150 	2 135 	1 943 	4 177 450 	0.00%
14/01/2026 	2 150 	2 150 	2 155 	2 155 	1 737 	3 734 550 	-0.23%
13/01/2026 	2 155 	2 155 	2 155 	2 155 	1 888 	4 068 640 	1.17%
12/01/2026 	2 130 	2 130 	2 155 	2 155 	2 779 	5 919 270 	-1.16%
09/01/2026 	2 155 	2 155 	2 215 	2 215 	2 864 	6 171 920 	-2,71%
08/01/2026 	2 215 	2 065 	2 215 	2 065 	3 840 	8 505 600 	7.26%
07/01/2026 	2 065 	1 800 	2 065 	1 800 	10 131 	20 920 515 	7.27%
06/01/2026 	1 925 	1 925 	1 925 	1 925 	16 020 	30 838 500 	-7.45%
05/01/2026 	2 080 	2 035 	2 080 	2 035 	13 366 	27 801 280 	-5.24%
02/01/2026 	2 195 	2 195 	2 210 	2 210 	4 132 	9 069 740 	-1.13%
01/01/2026 	2 220 	2 220 	2 235 	2 235 	1 823 	4 047 060 	0.00%
31/12/2025 	2 220 	2 220 	2 235 	2 235 	1 823 	4 047 060 	0.91%
30/12/2025 	2 200 	2 200 	2 255 	2 255 	3 335 	7 337 000 	-2.87%
29/12/2025 	2 265 	2 265 	2 295 	2 295 	1 525 	3 454 125 	-1,31%
26/12/2025 	2 295 	2 285 	2 295 	2 285 	4 457 	10 228 815 	0.66%
25/12/2025 	2 280 	2 265 	2 280 	2 265 	567 	1 292 760 	0.00%
24/12/2025 	2 280 	2 265 	2 280 	2 265 	567 	1 292 760 	-0.44%
23/12/2025 	2 290 	2 290 	2 295 	2 295 	1 646 	3 769 340 	1.10%
22/12/2025 	2 265 	2 265 	2 300 	2 300 	10 257 	23 232 105 	-1.52%
19/12/2025 	2 300 	2 235 	2 300 	2 235 	2 772 	6 375 600 	0.00%
18/12/2025 	2 300 	2 230 	2 300 	2 230 	2 046 	4 705 800 	0.66%
17/12/2025 	2 285 	2 285 	2 290 	2 290 	1 975 	4 512 875 	-0.44%
16/12/2025 	2 295 	2 230 	2 295 	2 230 	20 982 	48 153 690 	2.91%
15/12/2025 	2 230 	2 230 	2 300 	2 300 	8 331 	18 578 130 	-2.83%
12/12/2025 	2 295 	2 295 	2 295 	2 295 	948 	2 175 660 	1.10%
11/12/2025 	2 270 	2 270 	2 270 	2 270 	1 483 	3 366 410 	0.00%
10/12/2025 	2 270 	2 270 	2 300 	2 300 	2 588 	5 874 760 	-1.52%
09/12/2025 	2 305 	2 250 	2 305 	2 250 	2 858 	6 587 690 	0.66%
08/12/2025 	2 290 	2 290 	2 295 	2 295 	1 793 	4 105 970 	-0.22%
05/12/2025 	2 295 	2 295 	2 300 	2 300 	2 247 	5 156 865 	-0.22%
04/12/2025 	2 300 	2 300 	2 300 	2 300 	3 173 	7 297 900 	0.00%
03/12/2025 	2 300 	2 300 	2 300 	2 300 	3 458 	7 953 400 	0.88%
02/12/2025 	2 280 	2 280 	2 290 	2 290 	5 448 	12 421 440 	-0.87%
01/12/2025 	2 300 	2 240 	2 300 	2 240 	2 142 	4 926 600 	2.68%
28/11/2025 	2 240 	2 240 	2 240 	2 240 	10 104 	22 632 960 	7.43%
27/11/2025 	2 085 	2 085 	2 250 	2 250 	10 228 	21 325 380 	-7.33%
26/11/2025 	2 250 	2 250 	2 300 	2 300 	6 541 	14 717 250 	-1.75%
25/11/2025 	2 290 	2 250 	2 290 	2 250 	6 083 	13 930 070 	1.78%
24/11/2025 	2 250 	2 250 	2 290 	2 290 	2 208 	4 968 000 	-1.75%
21/11/2025 	2 290 	2 290 	2 295 	2 295 	3 128 	7 163 120 	-0.22%
20/11/2025 	2 295 	2 295 	2 295 	2 295 	2 828 	6 490 260 	2.00%
19/11/2025 	2 250 	2 250 	2 300 	2 300 	2 403 	5 406 750 	-2.17%
18/11/2025 	2 300 	2 300 	2 325 	2 325 	2 311 	5 315 300 	-1.08%
17/11/2025 	2 325 	2 325 	2 350 	2 350 	8 264 	19 213 800 	-1.06%
14/11/2025 	2 350 	2 350 	2 415 	2 415 	5 546 	13 033 100 	-2.89%
13/11/2025 	2 420 	2 420 	2 595 	2 595 	2 122 	5 135 240 	-3,20%
12/11/2025 	2 500 	2 500 	2 600 	2 600 	4 389 	10 972 500 	-1.57%
11/11/2025 	2 540 	2 540 	2 540 	2 540 	13 073 	33 205 420 	7.40%
10/11/2025 	2 365 	2 350 	2 365 	2 350 	2 455 	5 806 075 	7.50%
07/11/2025 	2 200 	2 200 	2 200 	2 200 	- 	0 	7.32%
06/11/2025 	2 050 	1 780 	2 050 	1 780 	8 590 	17 609 500 	7.33%
05/11/2025 	1 910 	1 910 	1 910 	1 910 	25 620 	48 934 200 	-7.28%
04/11/2025 	2 060 	2 060 	2 060 	2 060 	9 792 	20 171 520 	-7.42%
03/11/2025 	2 225 	2 225 	2 230 	2 230 	8 749 	19 466 525 	-7.48%
31/10/2025 	2 405 	2 405 	2 405 	2 405 	15 458 	37 176 490 	-7.50%
30/10/2025 	2 600 	2 600 	2 800 	2 800 	18 517 	48 144 200 	-7,14%