Date 	Closing 	Further down 	Higher 	Opening 	Volume Titles 	FCFA Volume 	Variation %
27/01/2026 	1 200 	1 200 	1 200 	1 200 	5 446 	6 535 200 	1.27%
26/01/2026 	1 185 	1 185 	1 265 	1 265 	8 565 	10 149 525 	-6.32%
23/01/2026 	1 265 	1 265 	1 265 	1 265 	7 575 	9 582 375 	7.20%
22/01/2026 	1 180 	1 110 	1 180 	1 110 	6 037 	7 123 660 	7.27%
21/01/2026 	1 100 	1 100 	1 110 	1 110 	1 383 	1 521 300 	0.00%
20/01/2026 	1 100 	1 090 	1 100 	1 090 	12 279 	13 506 900 	1.85%
19/01/2026 	1 080 	1 080 	1 080 	1 080 	2 280 	2 462 400 	0.00%
16/01/2026 	1 080 	1 075 	1 080 	1 075 	1 729 	1 867 320 	0.47%
15/01/2026 	1 075 	1 075 	1 090 	1 090 	1 117 	1 200 775 	2.38%
14/01/2026 	1 050 	1 050 	1 065 	1 065 	3 418 	3 588 900 	-0.94%
13/01/2026 	1 060 	1 040 	1 060 	1 040 	3 963 	4 200 780 	2.91%
12/01/2026 	1 030 	1 030 	1 045 	1 045 	3 229 	3 325 870 	-1,90%
09/01/2026 	1 050 	1 050 	1 055 	1 055 	2 906 	3 051 300 	-0.47%
08/01/2026 	1 055 	1 055 	1 060 	1 060 	790 	833 450 	-0.47%
07/01/2026 	1 060 	1 060 	1 065 	1 065 	3 144 	3 332 640 	0.00%
06/01/2026 	1 060 	1 045 	1 060 	1 045 	2 836 	3 006 160 	1.44%
05/01/2026 	1 045 	1 045 	1 060 	1 060 	3 350 	3 500 750 	0.00%
02/01/2026 	1 045 	1 045 	1 060 	1 060 	6 651 	6 950 295 	-1.42%
01/01/2026 	1 060 	1 030 	1 060 	1 030 	979 	1 037 740 	0.00%
31/12/2025 	1 060 	1 030 	1 060 	1 030 	979 	1 037 740 	2.91%
30/12/2025 	1 030 	1 020 	1 030 	1 020 	5 069 	5 221 070 	-0.96%
29/12/2025 	1 040 	1 040 	1 100 	1 100 	3 385 	3 520 400 	-5.45%
26/12/2025 	1 100 	1 100 	1 110 	1 110 	3 021 	3 323 100 	-0.90%
25/12/2025 	1 110 	1 075 	1 110 	1 075 	2 476 	2 748 360 	0.00%
24/12/2025 	1 110 	1 075 	1 110 	1 075 	2 476 	2 748 360 	2.78%
23/12/2025 	1 080 	1 080 	1 115 	1 115 	3 484 	3 762 720 	-3,14%
22/12/2025 	1 115 	1 100 	1 115 	1 100 	6 871 	7 661 165 	0.00%
19/12/2025 	1 115 	1 100 	1 115 	1 100 	1 719 	1 916 685 	2.76%
18/12/2025 	1 085 	1 085 	1 095 	1 095 	3 243 	3 518 655 	-0.91%
17/12/2025 	1 095 	1 095 	1 100 	1 100 	4 812 	5 269 140 	1.86%
16/12/2025 	1 075 	1 075 	1 075 	1 075 	9 185 	9 873 875 	0.00%
15/12/2025 	1 075 	1 000 	1 075 	1 000 	5 259 	5 653 425 	7.50%
12/12/2025 	1 000 	1 000 	1 040 	1 040 	2 287 	2 287 000 	-3.85%
11/12/2025 	1 040 	1 000 	1 040 	1 000 	2 633 	2 738 320 	4.00%
10/12/2025 	1 000 	1 000 	1 000 	1 000 	1 768 	1 768 000 	0.00%
09/12/2025 	1 000 	1 000 	1 000 	1 000 	1 069 	1 069 000 	0.00%
08/12/2025 	1 000 	995 	1 000 	995 	7 459 	7 459 000 	0.50%
05/12/2025 	995 	995 	995 	995 	3 200 	3 184 000 	0.00%
04/12/2025 	995 	990 	995 	990 	2 952 	2 937 240 	0.51%
03/12/2025 	990 	990 	1 000 	1 000 	5 451 	5 396 490 	-1.00%
02/12/2025 	1 000 	1 000 	1 000 	1 000 	5 286 	5 286 000 	0.00%
01/12/2025 	1 000 	995 	1 000 	995 	1 894 	1 894 000 	1.01%
28/11/2025 	990 	990 	990 	990 	9 129 	9 037 710 	0.00%
27/11/2025 	990 	990 	990 	990 	16 647 	16 480 530 	-1.00%
26/11/2025 	1 000 	995 	1 000 	995 	6 358 	6 358 000 	0.50%
25/11/2025 	995 	995 	995 	995 	7 427 	7 389 865 	-0.50%
24/11/2025 	1 000 	995 	1 000 	995 	6 010 	6 010 000 	0.00%
21/11/2025 	1 000 	995 	1 000 	995 	4 596 	4 596 000 	0.00%
20/11/2025 	1 000 	1 000 	1 000 	1 000 	4 975 	4 975 000 	0.00%
19/11/2025 	1 000 	1 000 	1 040 	1 040 	16 064 	16 064 000 	-3.85%
18/11/2025 	1 040 	1 040 	1 060 	1 060 	4 197 	4 364 880 	-1.89%
17/11/2025 	1 060 	1 060 	1 070 	1 070 	3 330 	3 529 800 	-0.93%
14/11/2025 	1 070 	1 070 	1 070 	1 070 	9 277 	9 926 390 	1.42%
13/11/2025 	1 055 	1 050 	1 055 	1 050 	8 134 	8 581 370 	-3,21%
12/11/2025 	1 090 	1 050 	1 090 	1 050 	4 567 	4 978 030 	1.87%
11/11/2025 	1 070 	1 070 	1 090 	1 090 	16 396 	17 543 720 	-2,73%
10/11/2025 	1 100 	1 060 	1 100 	1 060 	9 339 	10 272 900 	3.77%
07/11/2025 	1 060 	1 060 	1 060 	1 060 	- 	0 	1.92%
06/11/2025 	1 040 	990 	1 040 	990 	38 803 	40 355 120 	-2.80%
05/11/2025 	1 070 	1 070 	1 070 	1 070 	5 771 	6 174 970 	-7.36%
04/11/2025 	1 155 	1 155 	1 155 	1 155 	15 460 	17 856 300 	-7.23%
03/11/2025 	1 245 	1 200 	1 245 	1 200 	7 375 	9 181 875 	-3,86%
31/10/2025 	1 295 	1 295 	1 390 	1 390 	11 250 	14 568 750 	-7.17%
30/10/2025 	1 395 	1 395 	1 400 	1 400 	2 585 	3 606 075 	-0.36%