Date 	Closing 	Further down 	Higher 	Opening 	Volume Titles 	FCFA Volume 	Variation %
27/01/2026 	356.47 	356.47 	356.47 	356.47 	- 	422 766 170 113 	0.41%
26/01/2026 	355.01 	355.01 	355.01 	355.01 	- 	371 165 247 300 	-0.37%
23/01/2026 	356,33 	356,33 	356,33 	356,33 	- 	416 233 515 366 	0.50%
22/01/2026 	354,56 	354,56 	354,56 	354,56 	- 	316 2011 998 021 	0.16%
21/01/2026 	353,99 	353,99 	353,99 	353,99 	- 	464 005 941 467 	0.72%
20/01/2026 	351.47 	351.47 	351.47 	351.47 	- 	236 828 405 674 	-0.48%
19/01/2026 	353,18 	353,18 	353,18 	353,18 	- 	262 920 699 722 	0.64%
16/01/2026 	350,94 	350,94 	350,94 	350,94 	- 	259 866 902 588 	0.66%
15/01/2026 	348,65 	348,65 	348,65 	348,65 	- 	265 552 264 614 	0.73%
14/01/2026 	346,13 	346,13 	346,13 	346,13 	- 	494 104 006 533 	0.02%
13/01/2026 	346.06 	346.06 	346.06 	346.06 	- 	237 033 488 314 	0.46%
12/01/2026 	344,48 	344,48 	344,48 	344,48 	- 	152 282 424 087 	0.74%
09/01/2026 	341,95 	341,95 	341,95 	341,95 	- 	356 431 018 624 	-0.49%
08/01/2026 	343,62 	343,62 	343,62 	343,62 	- 	192 728 122 810 	-0.03%
07/01/2026 	343,73 	343,73 	343,73 	343,73 	- 	190 361 410 689 	0.46%
06/01/2026 	342,14 	342,14 	342,14 	342,14 	- 	152 200 115 097 	0.67%
05/01/2026 	339,85 	339,85 	339,85 	339,85 	- 	156 533 391 210 	-1,34%
02/01/2026 	344,48 	344,48 	344,48 	344,48 	- 	310 334 127 217 	-0.37%
01/01/2026 	345,75 	345,75 	345,75 	345,75 	- 	316 237 512 644 	0.00%
31/12/2025 	345,75 	345,75 	345,75 	345,75 	- 	316 237 512 644 	1.70%
30/12/2025 	339,96 	339,96 	339,96 	339,96 	- 	849 877 293 732 	-0.16%
29/12/2025 	340,51 	340,51 	340,51 	340,51 	- 	860 549 627 845 	-0.10%
26/12/2025 	340,86 	340,86 	340,86 	340,86 	- 	1 189 356 184 634 	0.33%
25/12/2025 	339,75 	339,75 	339,75 	339,75 	- 	190 781 369 138 	0.00%
24/12/2025 	339,75 	339,75 	339,75 	339,75 	- 	190 781 369 138 	0.05%
23/12/2025 	339.58 	339.58 	339.58 	339.58 	- 	322 994 978 679 	-0.35%
22/12/2025 	340,78 	340,78 	340,78 	340,78 	- 	297 543 432 199 	-0.89%
19/12/2025 	343,83 	343,83 	343,83 	343,83 	- 	1 147 368 420 388 	0.34%
18/12/2025 	342.66 	342.66 	342.66 	342.66 	- 	826 815 990 825 	-1.03%
17/12/2025 	346,23 	346,23 	346,23 	346,23 	- 	221 833 864 985 	0.08%
16/12/2025 	345,97 	345,97 	345,97 	345,97 	- 	324 086 994 099 	-0.34%
15/12/2025 	347,14 	347,14 	347,14 	347,14 	- 	207 160 334 550 	-0.19%
12/12/2025 	347.81 	347.81 	347.81 	347.81 	- 	134 824 744 241 	0.13%
11/12/2025 	347,37 	347,37 	347,37 	347,37 	- 	221 047 324 524 	-0.56%
10/12/2025 	349,31 	349,31 	349,31 	349,31 	- 	268 974 460 821 	-0.36%
09/12/2025 	350,57 	350,57 	350,57 	350,57 	- 	171 609 200 982 	-0.62%
08/12/2025 	352.77 	352.77 	352.77 	352.77 	- 	251 207 345 201 	-0.03%
05/12/2025 	352,87 	352,87 	352,87 	352,87 	- 	390 093 324 017 	-0.12%
04/12/2025 	353,29 	353,29 	353,29 	353,29 	- 	618 356 826 777 	0.25%
03/12/2025 	352,42 	352,42 	352,42 	352,42 	- 	202 720 810 006 	0.60%
02/12/2025 	350,33 	350,33 	350,33 	350,33 	- 	161 582 567 169 	-1.08%
01/12/2025 	354,14 	354,14 	354,14 	354,14 	- 	221 175 367 625 	2.38%
28/11/2025 	345,91 	345,91 	345,91 	345,91 	- 	193 842 100 826 	-0.38%
27/11/2025 	347,22 	347,22 	347,22 	347,22 	- 	250 345 221 739 	-0.16%
26/11/2025 	347,78 	347,78 	347,78 	347,78 	- 	790 841 852 438 	0.80%
25/11/2025 	345,01 	345,01 	345,01 	345,01 	- 	441 779 607 160 	0.39%
24/11/2025 	343,66 	343,66 	343,66 	343,66 	- 	292 556 813 279 	-0.18%
21/11/2025 	344,28 	344,28 	344,28 	344,28 	- 	278 767 659 410 	-0.04%
20/11/2025 	344,42 	344,42 	344,42 	344,42 	- 	346 389 218 595 	0.15%
19/11/2025 	343,90 	343,90 	343,90 	343,90 	- 	1 278 071 239 996 	1.10%
18/11/2025 	340,16 	340,16 	340,16 	340,16 	- 	315 903 782 619 	-0.08%
17/11/2025 	340,44 	340,44 	340,44 	340,44 	- 	238 347 942 804 	1.03%
14/11/2025 	336,98 	336,98 	336,98 	336,98 	- 	372 932 215 242 	-0.28%
13/11/2025 	337,94 	337,94 	337,94 	337,94 	- 	336 046 154 163 	0.17%
12/11/2025 	337,37 	337,37 	337,37 	337,37 	- 	554 335 478 209 	-0.08%
11/11/2025 	337,64 	337,64 	337,64 	337,64 	- 	796 296 320 710 	0.51%
10/11/2025 	335.94 	335.94 	335.94 	335.94 	- 	644 509 558 260 	-0.09%
07/11/2025 	336.25 	336.25 	336.25 	336.25 	- 	95 427 279 250 	-0.32%
06/11/2025 	337,34 	337,34 	337,34 	337,34 	- 	364 426 503 113 	0.83%
05/11/2025 	334,57 	334,57 	334,57 	334,57 	- 	449 289 832 065 	-0.78%
04/11/2025 	337,20 	337,20 	337,20 	337,20 	- 	1 814 174 224 318 	-0.57%
03/11/2025 	339,12 	339,12 	339,12 	339,12 	- 	611 843 396 435 	-1.03%
31/10/2025 	342,65 	342,65 	342,65 	342,65 	- 	695 089 471 438 	-0.50%
30/10/2025 	344,36 	344,36 	344,36 	344,36 	- 	495 168 998 427 	0.15%